***** Displaying the Adjacency Matrix *******

[**]-[00][01][02][03][04][05][06][07][08][09][10][11][12][13][14][15][16][17][18][19][20][21][22][23][24][25][26][27][28][29][30][31][32][33][34][35][36][37][38][39][40][41][42][43][44][45][46][47][48][49][50][51][52][53][54][55][56][57][58][59][60][61][62][63][64][65][66][67][68][69][70][71][72][73][74][75][76][77][78][79][80][81][82][83][84][85][86][87][88][89][90][91][92][93][94][95][96][97][98][99]
 ||   ||  ||  ||  ||  ||  ||  ||  ||  ||  ||  ||  ||  ||  ||  ||  ||  ||  ||  ||  ||  ||  ||  ||  ||  ||  ||  ||  ||  ||  ||  ||  ||  ||  ||  ||  ||  ||  ||  ||  ||  ||  ||  ||  ||  ||  ||  ||  ||  ||  ||  ||  ||  ||  ||  ||  ||  ||  ||  ||  ||  ||  ||  ||  ||  ||  ||  ||  ||  ||  ||  ||  ||  ||  ||  ||  ||  ||  ||  ||  ||  ||  ||  ||  ||  ||  ||  ||  ||  ||  ||  ||  ||  ||  ||  ||  ||  ||  ||  ||  || 
[00]-[  ][  ][  ][  ][  ][  ][  ][  ][  ][  ][  ][  ][  ][  ][  ][  ][  ][  ][  ][  ][  ][  ][  ][  ][  ][  ][  ][  ][  ][  ][  ][  ][  ][  ][  ][  ][  ][  ][  ][  ][  ][  ][  ][  ][  ][  ][  ][  ][  ][  ][  ][  ][  ][  ][  ][  ][  ][  ][  ][  ][  ][  ][  ][  ][  ][  ][  ][  ][  ][  ][  ][  ][  ][  ][  ][  ][  ][  ][  ][  ][11][11][  ][  ][  ][11][11][  ][11][11][11][  ][  ][  ][  ][  ][11][  ][  ][11]
[01]-[  ][  ][  ][  ][  ][  ][  ][  ][  ][  ][  ][  ][  ][  ][  ][  ][  ][  ][  ][  ][  ][  ][  ][  ][  ][  ][  ][  ][  ][  ][  ][  ][  ][  ][  ][  ][  ][  ][  ][  ][  ][  ][  ][  ][  ][  ][  ][  ][  ][  ][  ][  ][  ][  ][  ][  ][  ][  ][  ][  ][  ][  ][  ][  ][  ][  ][  ][  ][  ][  ][  ][  ][  ][  ][  ][  ][  ][  ][  ][  ][  ][11][  ][  ][  ][  ][  ][11][  ][  ][11][  ][11][  ][  ][  ][11][  ][11][11]
[02]-[  ][  ][  ][  ][  ][  ][  ][  ][  ][  ][  ][  ][  ][  ][  ][  ][  ][  ][  ][  ][  ][  ][  ][  ][  ][  ][  ][  ][  ][  ][  ][  ][  ][  ][  ][  ][  ][  ][  ][  ][  ][  ][  ][  ][  ][  ][  ][  ][  ][  ][  ][  ][  ][  ][  ][  ][  ][  ][  ][  ][  ][  ][  ][  ][  ][  ][  ][  ][  ][  ][  ][  ][  ][  ][  ][  ][  ][  ][  ][  ][11][11][11][  ][  ][11][  ][11][  ][11][  ][11][11][  ][  ][  ][11][  ][11][11]
[03]-[  ][  ][  ][  ][  ][  ][  ][  ][  ][  ][  ][  ][  ][  ][  ][  ][  ][  ][  ][  ][  ][  ][  ][  ][  ][  ][  ][  ][  ][  ][  ][  ][  ][  ][  ][  ][  ][  ][  ][  ][  ][  ][  ][  ][  ][  ][  ][  ][  ][  ][  ][  ][  ][  ][  ][  ][  ][  ][  ][  ][  ][  ][  ][  ][  ][  ][  ][  ][  ][  ][  ][  ][  ][  ][  ][  ][  ][  ][  ][  ][11][11][11][11][11][  ][  ][11][11][11][11][11][  ][11][11][  ][  ][  ][  ][11]
[04]-[  ][  ][  ][  ][  ][  ][  ][  ][  ][  ][  ][  ][  ][  ][  ][  ][  ][  ][  ][  ][  ][  ][  ][  ][  ][  ][  ][  ][  ][  ][  ][  ][  ][  ][  ][  ][  ][  ][  ][  ][  ][  ][  ][  ][  ][  ][  ][  ][  ][  ][  ][  ][  ][  ][  ][  ][  ][  ][  ][  ][  ][  ][  ][  ][  ][  ][  ][  ][  ][  ][  ][  ][  ][  ][  ][  ][  ][  ][  ][  ][11][11][11][  ][11][11][  ][11][  ][  ][  ][11][  ][  ][11][  ][11][  ][  ][  ]
[05]-[  ][  ][  ][  ][  ][  ][  ][  ][  ][  ][  ][  ][  ][  ][  ][  ][  ][  ][  ][  ][  ][  ][  ][  ][  ][  ][  ][  ][  ][  ][  ][  ][  ][  ][  ][  ][  ][  ][  ][  ][  ][  ][  ][  ][  ][  ][  ][  ][  ][  ][  ][  ][  ][  ][  ][  ][  ][  ][  ][  ][  ][  ][  ][  ][  ][  ][  ][  ][  ][  ][  ][  ][  ][  ][  ][  ][  ][  ][  ][  ][  ][11][  ][11][  ][11][11][11][  ][  ][11][  ][11][  ][  ][  ][  ][11][11][11]
[06]-[  ][  ][  ][  ][  ][  ][  ][  ][  ][  ][  ][  ][  ][  ][  ][  ][  ][  ][  ][  ][  ][  ][  ][  ][  ][  ][  ][  ][  ][  ][  ][  ][  ][  ][  ][  ][  ][  ][  ][  ][  ][  ][  ][  ][  ][  ][  ][  ][  ][  ][  ][  ][  ][  ][  ][  ][  ][  ][  ][  ][  ][  ][  ][  ][  ][  ][  ][  ][  ][  ][  ][  ][  ][  ][  ][  ][  ][  ][  ][  ][  ][11][11][11][11][  ][11][11][  ][  ][11][11][11][11][  ][11][11][  ][  ][  ]
[07]-[  ][  ][  ][  ][  ][  ][  ][  ][  ][  ][  ][  ][  ][  ][  ][  ][  ][  ][  ][  ][  ][  ][  ][  ][  ][  ][  ][  ][  ][  ][  ][  ][  ][  ][  ][  ][  ][  ][  ][  ][  ][  ][  ][  ][  ][  ][  ][  ][  ][  ][  ][  ][  ][  ][  ][  ][  ][  ][  ][  ][  ][  ][  ][  ][  ][  ][  ][  ][  ][  ][  ][  ][  ][  ][  ][  ][  ][  ][  ][  ][11][  ][  ][  ][  ][  ][  ][11][11][11][  ][11][  ][  ][  ][11][  ][  ][11][  ]
[08]-[  ][  ][  ][  ][  ][  ][  ][  ][  ][  ][  ][  ][  ][  ][  ][  ][  ][  ][  ][  ][  ][  ][  ][  ][  ][  ][  ][  ][  ][  ][  ][  ][  ][  ][  ][  ][  ][  ][  ][  ][  ][  ][  ][  ][  ][  ][  ][  ][  ][  ][  ][  ][  ][  ][  ][  ][  ][  ][  ][  ][  ][  ][  ][  ][  ][  ][  ][  ][  ][  ][  ][  ][  ][  ][  ][  ][  ][  ][  ][  ][  ][11][11][  ][11][11][11][  ][11][  ][  ][11][  ][  ][  ][  ][  ][  ][11][  ]
[09]-[  ][  ][  ][  ][  ][  ][  ][  ][  ][  ][  ][  ][  ][  ][  ][  ][  ][  ][  ][  ][  ][  ][  ][  ][  ][  ][  ][  ][  ][  ][  ][  ][  ][  ][  ][  ][  ][  ][  ][  ][  ][  ][  ][  ][  ][  ][  ][  ][  ][  ][  ][  ][  ][  ][  ][  ][  ][  ][  ][  ][  ][  ][  ][  ][  ][  ][  ][  ][  ][  ][  ][  ][  ][  ][  ][  ][  ][  ][  ][  ][  ][11][  ][  ][11][11][11][  ][11][11][  ][  ][  ][11][11][  ][11][  ][11][11]
[10]-[  ][  ][  ][  ][  ][  ][  ][  ][  ][  ][  ][  ][  ][  ][  ][  ][  ][  ][  ][  ][  ][  ][  ][  ][  ][  ][  ][  ][  ][  ][  ][  ][  ][  ][  ][  ][  ][  ][  ][  ][  ][  ][  ][  ][  ][  ][  ][  ][  ][  ][  ][  ][  ][  ][  ][  ][  ][  ][  ][  ][  ][  ][  ][  ][  ][  ][  ][  ][  ][  ][  ][  ][  ][  ][  ][  ][  ][  ][  ][  ][  ][  ][11][  ][11][  ][  ][11][11][11][11][  ][11][11][11][  ][  ][11][11][11]
[11]-[  ][  ][  ][  ][  ][  ][  ][  ][  ][  ][  ][  ][  ][  ][  ][  ][  ][  ][  ][  ][  ][  ][  ][  ][  ][  ][  ][  ][  ][  ][  ][  ][  ][  ][  ][  ][  ][  ][  ][  ][  ][  ][  ][  ][  ][  ][  ][  ][  ][  ][  ][  ][  ][  ][  ][  ][  ][  ][  ][  ][  ][  ][  ][  ][  ][  ][  ][  ][  ][  ][  ][  ][  ][  ][  ][  ][  ][  ][  ][  ][11][11][  ][  ][  ][11][  ][  ][  ][11][11][11][  ][11][  ][  ][11][11][  ][11]
[12]-[  ][  ][  ][  ][  ][  ][  ][  ][  ][  ][  ][  ][  ][  ][  ][  ][  ][  ][  ][  ][  ][  ][  ][  ][  ][  ][  ][  ][  ][  ][  ][  ][  ][  ][  ][  ][  ][  ][  ][  ][  ][  ][  ][  ][  ][  ][  ][  ][  ][  ][  ][  ][  ][  ][  ][  ][  ][  ][  ][  ][  ][  ][  ][  ][  ][  ][  ][  ][  ][  ][  ][  ][  ][  ][  ][  ][  ][  ][  ][  ][11][  ][  ][11][11][  ][  ][11][11][11][  ][11][11][  ][11][11][  ][11][  ][11]
[13]-[  ][  ][  ][  ][  ][  ][  ][  ][  ][  ][  ][  ][  ][  ][  ][  ][  ][  ][  ][  ][  ][  ][  ][  ][  ][  ][  ][  ][  ][  ][  ][  ][  ][  ][  ][  ][  ][  ][  ][  ][  ][  ][  ][  ][  ][  ][  ][  ][  ][  ][  ][  ][  ][  ][  ][  ][  ][  ][  ][  ][  ][  ][  ][  ][  ][  ][  ][  ][  ][  ][  ][  ][  ][  ][  ][  ][  ][  ][  ][  ][11][11][11][  ][11][11][  ][11][11][  ][  ][  ][11][11][  ][11][11][11][  ][  ]
[14]-[  ][  ][  ][  ][  ][  ][  ][  ][  ][  ][  ][  ][  ][  ][  ][  ][  ][  ][  ][  ][  ][  ][  ][  ][  ][  ][  ][  ][  ][  ][  ][  ][  ][  ][  ][  ][  ][  ][  ][  ][  ][  ][  ][  ][  ][  ][  ][  ][  ][  ][  ][  ][  ][  ][  ][  ][  ][  ][  ][  ][  ][  ][  ][  ][  ][  ][  ][  ][  ][  ][  ][  ][  ][  ][  ][  ][  ][  ][  ][  ][11][11][11][  ][  ][11][11][11][11][  ][  ][11][  ][11][11][11][  ][11][11][  ]
[15]-[  ][  ][  ][  ][  ][  ][  ][  ][  ][  ][  ][  ][  ][  ][  ][  ][  ][  ][  ][  ][  ][  ][  ][  ][  ][  ][  ][  ][  ][  ][  ][  ][  ][  ][  ][  ][  ][  ][  ][  ][  ][  ][  ][  ][  ][  ][  ][  ][  ][  ][  ][  ][  ][  ][  ][  ][  ][  ][  ][  ][  ][  ][  ][  ][  ][  ][  ][  ][  ][  ][  ][  ][  ][  ][  ][  ][  ][  ][  ][  ][11][11][11][11][11][11][  ][  ][11][11][11][11][  ][  ][  ][  ][  ][  ][  ][11]
[16]-[  ][  ][  ][  ][  ][  ][  ][  ][  ][  ][  ][  ][  ][  ][  ][  ][  ][  ][  ][  ][  ][  ][  ][  ][  ][  ][  ][  ][  ][  ][  ][  ][  ][  ][  ][  ][  ][  ][  ][  ][  ][  ][  ][  ][  ][  ][  ][  ][  ][  ][  ][  ][  ][  ][  ][  ][  ][  ][  ][  ][  ][  ][  ][  ][  ][  ][  ][  ][  ][  ][  ][  ][  ][  ][  ][  ][  ][  ][  ][  ][  ][  ][  ][11][  ][11][  ][11][11][  ][11][  ][11][  ][11][11][11][11][11][  ]
[17]-[  ][  ][  ][  ][  ][  ][  ][  ][  ][  ][  ][  ][  ][  ][  ][  ][  ][  ][  ][  ][  ][  ][  ][  ][  ][  ][  ][  ][  ][  ][  ][  ][  ][  ][  ][  ][  ][  ][  ][  ][  ][  ][  ][  ][  ][  ][  ][  ][  ][  ][  ][  ][  ][  ][  ][  ][  ][  ][  ][  ][  ][  ][  ][  ][  ][  ][  ][  ][  ][  ][  ][  ][  ][  ][  ][  ][  ][  ][  ][  ][11][11][11][11][11][  ][11][11][11][11][  ][  ][  ][  ][  ][11][  ][11][11][11]
[18]-[  ][  ][  ][  ][  ][  ][  ][  ][  ][  ][  ][  ][  ][  ][  ][  ][  ][  ][  ][  ][  ][  ][  ][  ][  ][  ][  ][  ][  ][  ][  ][  ][  ][  ][  ][  ][  ][  ][  ][  ][  ][  ][  ][  ][  ][  ][  ][  ][  ][  ][  ][  ][  ][  ][  ][  ][  ][  ][  ][  ][  ][  ][  ][  ][  ][  ][  ][  ][  ][  ][  ][  ][  ][  ][  ][  ][  ][  ][  ][  ][11][  ][  ][11][11][  ][11][  ][  ][  ][  ][11][11][11][  ][11][  ][  ][11][11]
[19]-[  ][  ][  ][  ][  ][  ][  ][  ][  ][  ][  ][  ][  ][  ][  ][  ][  ][  ][  ][  ][  ][  ][  ][  ][  ][  ][  ][  ][  ][  ][  ][  ][  ][  ][  ][  ][  ][  ][  ][  ][  ][  ][  ][  ][  ][  ][  ][  ][  ][  ][  ][  ][  ][  ][  ][  ][  ][  ][  ][  ][  ][  ][  ][  ][  ][  ][  ][  ][  ][  ][  ][  ][  ][  ][  ][  ][  ][  ][  ][  ][  ][  ][  ][  ][11][  ][11][11][11][  ][  ][  ][  ][11][11][  ][11][  ][  ][11]
[20]-[  ][  ][  ][  ][  ][  ][  ][  ][  ][  ][  ][  ][  ][  ][  ][  ][  ][  ][  ][  ][  ][  ][  ][  ][  ][  ][  ][  ][  ][  ][  ][  ][  ][  ][  ][  ][  ][  ][  ][  ][  ][  ][  ][  ][  ][  ][  ][  ][  ][  ][  ][  ][  ][  ][  ][  ][  ][  ][  ][  ][  ][  ][  ][  ][  ][  ][  ][  ][  ][  ][  ][  ][  ][  ][  ][  ][  ][  ][  ][  ][11][11][11][11][11][11][11][  ][11][11][11][11][11][11][11][11][11][11][11][  ]
[21]-[  ][  ][  ][  ][  ][  ][  ][  ][  ][  ][  ][  ][  ][  ][  ][  ][  ][  ][  ][  ][  ][  ][  ][  ][  ][  ][  ][  ][  ][  ][  ][  ][  ][  ][  ][  ][  ][  ][  ][  ][  ][  ][  ][  ][  ][  ][  ][  ][  ][  ][  ][  ][  ][  ][  ][  ][  ][  ][  ][  ][  ][  ][  ][  ][  ][  ][  ][  ][  ][  ][  ][  ][  ][  ][  ][  ][  ][  ][  ][  ][11][11][11][11][11][11][11][11][11][11][11][  ][11][11][11][11][11][11][11][11]
[22]-[  ][  ][  ][  ][  ][  ][  ][  ][  ][  ][  ][  ][  ][  ][  ][  ][  ][  ][  ][  ][  ][  ][  ][  ][  ][  ][  ][  ][  ][  ][  ][  ][  ][  ][  ][  ][  ][  ][  ][  ][  ][  ][  ][  ][  ][  ][  ][  ][  ][  ][  ][  ][  ][  ][  ][  ][  ][  ][  ][  ][  ][  ][  ][  ][  ][  ][  ][  ][  ][  ][  ][  ][  ][  ][  ][  ][  ][  ][  ][  ][11][11][11][11][11][11][11][11][11][11][11][11][11][11][11][11][11][11][11][11]
[23]-[  ][  ][  ][  ][  ][  ][  ][  ][  ][  ][  ][  ][  ][  ][  ][  ][  ][  ][  ][  ][  ][  ][  ][  ][  ][  ][  ][  ][  ][  ][  ][  ][  ][  ][  ][  ][  ][  ][  ][  ][  ][  ][  ][  ][  ][  ][  ][  ][  ][  ][  ][  ][  ][  ][  ][  ][  ][  ][  ][  ][  ][  ][  ][  ][  ][  ][  ][  ][  ][  ][  ][  ][  ][  ][  ][  ][  ][  ][  ][  ][11][11][11][11][11][11][11][11][11][11][11][11][11][11][11][11][11][11][11][11]
[24]-[  ][  ][  ][  ][  ][  ][  ][  ][  ][  ][  ][  ][  ][  ][  ][  ][  ][  ][  ][  ][  ][  ][  ][  ][  ][  ][  ][  ][  ][  ][  ][  ][  ][  ][  ][  ][  ][  ][  ][  ][  ][  ][  ][  ][  ][  ][  ][  ][  ][  ][  ][  ][  ][  ][  ][  ][  ][  ][  ][  ][  ][  ][  ][  ][  ][  ][  ][  ][  ][  ][  ][  ][  ][  ][  ][  ][  ][  ][  ][  ][11][11][11][11][11][11][11][11][11][11][11][11][11][11][11][11][11][11][11][11]
[25]-[  ][  ][  ][  ][  ][  ][  ][  ][  ][  ][  ][  ][  ][  ][  ][  ][  ][  ][  ][  ][  ][  ][  ][  ][  ][  ][  ][  ][  ][  ][  ][  ][  ][  ][  ][  ][  ][  ][  ][  ][  ][  ][  ][  ][  ][  ][  ][  ][  ][  ][  ][  ][  ][  ][  ][  ][  ][  ][  ][  ][  ][  ][  ][  ][  ][  ][  ][  ][  ][  ][  ][  ][  ][  ][  ][  ][  ][  ][  ][  ][11][11][11][11][11][11][11][11][11][11][11][11][11][  ][11][11][11][11][11][11]
[26]-[  ][  ][  ][  ][  ][  ][  ][  ][  ][  ][  ][  ][  ][  ][  ][  ][  ][  ][  ][  ][  ][  ][  ][  ][  ][  ][  ][  ][  ][  ][  ][  ][  ][  ][  ][  ][  ][  ][  ][  ][  ][  ][  ][  ][  ][  ][  ][  ][  ][  ][  ][  ][  ][  ][  ][  ][  ][  ][  ][  ][  ][  ][  ][  ][  ][  ][  ][  ][  ][  ][  ][  ][  ][  ][  ][  ][  ][  ][  ][  ][11][11][11][11][11][  ][11][11][11][11][11][  ][11][11][11][11][11][11][11][11]
[27]-[  ][  ][  ][  ][  ][  ][  ][  ][  ][  ][  ][  ][  ][  ][  ][  ][  ][  ][  ][  ][  ][  ][  ][  ][  ][  ][  ][  ][  ][  ][  ][  ][  ][  ][  ][  ][  ][  ][  ][  ][  ][  ][  ][  ][  ][  ][  ][  ][  ][  ][  ][  ][  ][  ][  ][  ][  ][  ][  ][  ][  ][  ][  ][  ][  ][  ][  ][  ][  ][  ][  ][  ][  ][  ][  ][  ][  ][  ][  ][  ][11][11][11][11][11][11][11][11][11][11][11][11][11][11][11][11][11][11][11][11]
[28]-[  ][  ][  ][  ][  ][  ][  ][  ][  ][  ][  ][  ][  ][  ][  ][  ][  ][  ][  ][  ][  ][  ][  ][  ][  ][  ][  ][  ][  ][  ][  ][  ][  ][  ][  ][  ][  ][  ][  ][  ][  ][  ][  ][  ][  ][  ][  ][  ][  ][  ][  ][  ][  ][  ][  ][  ][  ][  ][  ][  ][  ][  ][  ][  ][  ][  ][  ][  ][  ][  ][  ][  ][  ][  ][  ][  ][  ][  ][  ][  ][11][11][11][11][11][11][11][11][11][11][11][11][11][11][11][11][11][11][11][11]
[29]-[  ][  ][  ][  ][  ][  ][  ][  ][  ][  ][  ][  ][  ][  ][  ][  ][  ][  ][  ][  ][  ][  ][  ][  ][  ][  ][  ][  ][  ][  ][  ][  ][  ][  ][  ][  ][  ][  ][  ][  ][  ][  ][  ][  ][  ][  ][  ][  ][  ][  ][  ][  ][  ][  ][  ][  ][  ][  ][  ][  ][  ][  ][  ][  ][  ][  ][  ][  ][  ][  ][  ][  ][  ][  ][  ][  ][  ][  ][  ][  ][11][11][11][11][11][11][11][11][11][11][11][11][11][11][11][11][11][11][11][11]
[30]-[  ][  ][  ][  ][  ][  ][  ][  ][  ][  ][  ][  ][  ][  ][  ][  ][  ][  ][  ][  ][  ][  ][  ][  ][  ][  ][  ][  ][  ][  ][  ][  ][  ][  ][  ][  ][  ][  ][  ][  ][  ][  ][  ][  ][  ][  ][  ][  ][  ][  ][  ][  ][  ][  ][  ][  ][  ][  ][  ][  ][  ][  ][  ][  ][  ][  ][  ][  ][  ][  ][  ][  ][  ][  ][  ][  ][  ][  ][  ][  ][11][11][11][11][11][11][11][11][11][11][11][11][11][11][11][11][11][11][11][11]
[31]-[  ][  ][  ][  ][  ][  ][  ][  ][  ][  ][  ][  ][  ][  ][  ][  ][  ][  ][  ][  ][  ][  ][  ][  ][  ][  ][  ][  ][  ][  ][  ][  ][  ][  ][  ][  ][  ][  ][  ][  ][  ][  ][  ][  ][  ][  ][  ][  ][  ][  ][  ][  ][  ][  ][  ][  ][  ][  ][  ][  ][  ][  ][  ][  ][  ][  ][  ][  ][  ][  ][  ][  ][  ][  ][  ][  ][  ][  ][  ][  ][11][11][11][11][11][11][11][11][11][11][11][11][11][11][  ][11][11][11][11][11]
[32]-[  ][  ][  ][  ][  ][  ][  ][  ][  ][  ][  ][  ][  ][  ][  ][  ][  ][  ][  ][  ][  ][  ][  ][  ][  ][  ][  ][  ][  ][  ][  ][  ][  ][  ][  ][  ][  ][  ][  ][  ][  ][  ][  ][  ][  ][  ][  ][  ][  ][  ][  ][  ][  ][  ][  ][  ][  ][  ][  ][  ][  ][  ][  ][  ][  ][  ][  ][  ][  ][  ][  ][  ][  ][  ][  ][  ][  ][  ][  ][  ][11][11][11][11][11][11][11][11][11][11][11][11][11][  ][11][11][11][11][11][11]
[33]-[  ][  ][  ][  ][  ][  ][  ][  ][  ][  ][  ][  ][  ][  ][  ][  ][  ][  ][  ][  ][  ][  ][  ][  ][  ][  ][  ][  ][  ][  ][  ][  ][  ][  ][  ][  ][  ][  ][  ][  ][  ][  ][  ][  ][  ][  ][  ][  ][  ][  ][  ][  ][  ][  ][  ][  ][  ][  ][  ][  ][  ][  ][  ][  ][  ][  ][  ][  ][  ][  ][  ][  ][  ][  ][  ][  ][  ][  ][  ][  ][11][11][11][11][11][11][11][11][11][11][11][11][  ][11][11][11][11][11][11][11]
[34]-[  ][  ][  ][  ][  ][  ][  ][  ][  ][  ][  ][  ][  ][  ][  ][  ][  ][  ][  ][  ][  ][  ][  ][  ][  ][  ][  ][  ][  ][  ][  ][  ][  ][  ][  ][  ][  ][  ][  ][  ][  ][  ][  ][  ][  ][  ][  ][  ][  ][  ][  ][  ][  ][  ][  ][  ][  ][  ][  ][  ][  ][  ][  ][  ][  ][  ][  ][  ][  ][  ][  ][  ][  ][  ][  ][  ][  ][  ][  ][  ][11][11][11][11][11][11][11][11][11][11][11][11][11][11][11][11][11][11][11][11]
[35]-[  ][  ][  ][  ][  ][  ][  ][  ][  ][  ][  ][  ][  ][  ][  ][  ][  ][  ][  ][  ][  ][  ][  ][  ][  ][  ][  ][  ][  ][  ][  ][  ][  ][  ][  ][  ][  ][  ][  ][  ][  ][  ][  ][  ][  ][  ][  ][  ][  ][  ][  ][  ][  ][  ][  ][  ][  ][  ][  ][  ][  ][  ][  ][  ][  ][  ][  ][  ][  ][  ][  ][  ][  ][  ][  ][  ][  ][  ][  ][  ][11][11][11][11][11][11][11][11][11][11][11][11][11][11][11][  ][11][11][11][11]
[36]-[  ][  ][  ][  ][  ][  ][  ][  ][  ][  ][  ][  ][  ][  ][  ][  ][  ][  ][  ][  ][  ][  ][  ][  ][  ][  ][  ][  ][  ][  ][  ][  ][  ][  ][  ][  ][  ][  ][  ][  ][  ][  ][  ][  ][  ][  ][  ][  ][  ][  ][  ][  ][  ][  ][  ][  ][  ][  ][  ][  ][  ][  ][  ][  ][  ][  ][  ][  ][  ][  ][  ][  ][  ][  ][  ][  ][  ][  ][  ][  ][11][11][  ][11][11][11][11][11][  ][11][11][11][11][11][11][11][11][11][11][11]
[37]-[  ][  ][  ][  ][  ][  ][  ][  ][  ][  ][  ][  ][  ][  ][  ][  ][  ][  ][  ][  ][  ][  ][  ][  ][  ][  ][  ][  ][  ][  ][  ][  ][  ][  ][  ][  ][  ][  ][  ][  ][  ][  ][  ][  ][  ][  ][  ][  ][  ][  ][  ][  ][  ][  ][  ][  ][  ][  ][  ][  ][  ][  ][  ][  ][  ][  ][  ][  ][  ][  ][  ][  ][  ][  ][  ][  ][  ][  ][  ][  ][11][11][11][11][11][11][11][11][11][11][11][11][11][11][11][11][11][11][11][11]
[38]-[  ][  ][  ][  ][  ][  ][  ][  ][  ][  ][  ][  ][  ][  ][  ][  ][  ][  ][  ][  ][  ][  ][  ][  ][  ][  ][  ][  ][  ][  ][  ][  ][  ][  ][  ][  ][  ][  ][  ][  ][  ][  ][  ][  ][  ][  ][  ][  ][  ][  ][  ][  ][  ][  ][  ][  ][  ][  ][  ][  ][  ][  ][  ][  ][  ][  ][  ][  ][  ][  ][  ][  ][  ][  ][  ][  ][  ][  ][  ][  ][11][  ][11][11][11][11][11][11][11][11][11][11][11][11][11][11][11][11][11][11]
[39]-[  ][  ][  ][  ][  ][  ][  ][  ][  ][  ][  ][  ][  ][  ][  ][  ][  ][  ][  ][  ][  ][  ][  ][  ][  ][  ][  ][  ][  ][  ][  ][  ][  ][  ][  ][  ][  ][  ][  ][  ][  ][  ][  ][  ][  ][  ][  ][  ][  ][  ][  ][  ][  ][  ][  ][  ][  ][  ][  ][  ][  ][  ][  ][  ][  ][  ][  ][  ][  ][  ][  ][  ][  ][  ][  ][  ][  ][  ][  ][  ][11][11][11][11][11][11][11][11][11][11][11][11][  ][11][11][11][11][11][11][11]
[40]-[  ][  ][  ][  ][  ][  ][  ][  ][  ][  ][  ][  ][  ][  ][  ][  ][  ][  ][  ][  ][  ][  ][  ][  ][  ][  ][  ][  ][  ][  ][  ][  ][  ][  ][  ][  ][  ][  ][  ][  ][  ][  ][  ][  ][  ][  ][  ][  ][  ][  ][  ][  ][  ][  ][  ][  ][  ][  ][  ][  ][  ][  ][  ][  ][  ][  ][  ][  ][  ][  ][  ][  ][  ][  ][  ][  ][  ][  ][  ][  ][11][11][11][11][11][11][11][11][11][11][11][11][11][11][11][11][11][11][11][11]
[41]-[  ][  ][  ][  ][  ][  ][  ][  ][  ][  ][  ][  ][  ][  ][  ][  ][  ][  ][  ][  ][  ][  ][  ][  ][  ][  ][  ][  ][  ][  ][  ][  ][  ][  ][  ][  ][  ][  ][  ][  ][  ][  ][  ][  ][  ][  ][  ][  ][  ][  ][  ][  ][  ][  ][  ][  ][  ][  ][  ][  ][  ][  ][  ][  ][  ][  ][  ][  ][  ][  ][  ][  ][  ][  ][  ][  ][  ][  ][  ][  ][11][11][11][11][11][11][11][11][11][11][11][11][  ][11][11][11][11][11][11][11]
[42]-[  ][  ][  ][  ][  ][  ][  ][  ][  ][  ][  ][  ][  ][  ][  ][  ][  ][  ][  ][  ][  ][  ][  ][  ][  ][  ][  ][  ][  ][  ][  ][  ][  ][  ][  ][  ][  ][  ][  ][  ][  ][  ][  ][  ][  ][  ][  ][  ][  ][  ][  ][  ][  ][  ][  ][  ][  ][  ][  ][  ][  ][  ][  ][  ][  ][  ][  ][  ][  ][  ][  ][  ][  ][  ][  ][  ][  ][  ][  ][  ][11][11][11][11][11][11][11][11][  ][11][11][11][11][11][11][11][11][  ][11][11]
[43]-[  ][  ][  ][  ][  ][  ][  ][  ][  ][  ][  ][  ][  ][  ][  ][  ][  ][  ][  ][  ][  ][  ][  ][  ][  ][  ][  ][  ][  ][  ][  ][  ][  ][  ][  ][  ][  ][  ][  ][  ][  ][  ][  ][  ][  ][  ][  ][  ][  ][  ][  ][  ][  ][  ][  ][  ][  ][  ][  ][  ][  ][  ][  ][  ][  ][  ][  ][  ][  ][  ][  ][  ][  ][  ][  ][  ][  ][  ][  ][  ][11][11][11][11][11][11][11][11][11][11][11][11][11][11][11][11][  ][11][11][11]
[44]-[  ][  ][  ][  ][  ][  ][  ][  ][  ][  ][  ][  ][  ][  ][  ][  ][  ][  ][  ][  ][  ][  ][  ][  ][  ][  ][  ][  ][  ][  ][  ][  ][  ][  ][  ][  ][  ][  ][  ][  ][  ][  ][  ][  ][  ][  ][  ][  ][  ][  ][  ][  ][  ][  ][  ][  ][  ][  ][  ][  ][  ][  ][  ][  ][  ][  ][  ][  ][  ][  ][  ][  ][  ][  ][  ][  ][  ][  ][  ][  ][11][11][  ][11][11][11][11][11][11][11][11][11][11][11][11][11][11][11][11][11]
[45]-[  ][  ][  ][  ][  ][  ][  ][  ][  ][  ][  ][  ][  ][  ][  ][  ][  ][  ][  ][  ][  ][  ][  ][  ][  ][  ][  ][  ][  ][  ][  ][  ][  ][  ][  ][  ][  ][  ][  ][  ][  ][  ][  ][  ][  ][  ][  ][  ][  ][  ][  ][  ][  ][  ][  ][  ][  ][  ][  ][  ][  ][  ][  ][  ][  ][  ][  ][  ][  ][  ][  ][  ][  ][  ][  ][  ][  ][  ][  ][  ][11][11][11][11][11][11][11][11][11][11][11][11][11][11][11][11][11][11][11][11]
[46]-[  ][  ][  ][  ][  ][  ][  ][  ][  ][  ][  ][  ][  ][  ][  ][  ][  ][  ][  ][  ][  ][  ][  ][  ][  ][  ][  ][  ][  ][  ][  ][  ][  ][  ][  ][  ][  ][  ][  ][  ][  ][  ][  ][  ][  ][  ][  ][  ][  ][  ][  ][  ][  ][  ][  ][  ][  ][  ][  ][  ][  ][  ][  ][  ][  ][  ][  ][  ][  ][  ][  ][  ][  ][  ][  ][  ][  ][  ][  ][  ][11][11][11][11][11][11][11][11][11][11][11][11][11][11][11][11][11][11][11][11]
[47]-[  ][  ][  ][  ][  ][  ][  ][  ][  ][  ][  ][  ][  ][  ][  ][  ][  ][  ][  ][  ][  ][  ][  ][  ][  ][  ][  ][  ][  ][  ][  ][  ][  ][  ][  ][  ][  ][  ][  ][  ][  ][  ][  ][  ][  ][  ][  ][  ][  ][  ][  ][  ][  ][  ][  ][  ][  ][  ][  ][  ][  ][  ][  ][  ][  ][  ][  ][  ][  ][  ][  ][  ][  ][  ][  ][  ][  ][  ][  ][  ][11][11][11][11][11][11][11][11][11][11][11][11][11][11][11][11][11][11][11][11]
[48]-[  ][  ][  ][  ][  ][  ][  ][  ][  ][  ][  ][  ][  ][  ][  ][  ][  ][  ][  ][  ][  ][  ][  ][  ][  ][  ][  ][  ][  ][  ][  ][  ][  ][  ][  ][  ][  ][  ][  ][  ][  ][  ][  ][  ][  ][  ][  ][  ][  ][  ][  ][  ][  ][  ][  ][  ][  ][  ][  ][  ][  ][  ][  ][  ][  ][  ][  ][  ][  ][  ][  ][  ][  ][  ][  ][  ][  ][  ][  ][  ][11][11][11][11][11][11][11][11][11][11][11][11][11][11][11][11][11][11][11][11]
[49]-[  ][  ][  ][  ][  ][  ][  ][  ][  ][  ][  ][  ][  ][  ][  ][  ][  ][  ][  ][  ][  ][  ][  ][  ][  ][  ][  ][  ][  ][  ][  ][  ][  ][  ][  ][  ][  ][  ][  ][  ][  ][  ][  ][  ][  ][  ][  ][  ][  ][  ][  ][  ][  ][  ][  ][  ][  ][  ][  ][  ][  ][  ][  ][  ][  ][  ][  ][  ][  ][  ][  ][  ][  ][  ][  ][  ][  ][  ][  ][  ][11][11][11][11][11][11][11][11][11][11][11][11][11][11][11][11][11][11][11][11]
[50]-[  ][  ][  ][  ][  ][  ][  ][  ][  ][  ][  ][  ][  ][  ][  ][  ][  ][  ][  ][  ][  ][  ][  ][  ][  ][  ][  ][  ][  ][  ][  ][  ][  ][  ][  ][  ][  ][  ][  ][  ][  ][  ][  ][  ][  ][  ][  ][  ][  ][  ][  ][  ][  ][  ][  ][  ][  ][  ][  ][  ][  ][  ][  ][  ][  ][  ][  ][  ][  ][  ][  ][  ][  ][  ][  ][  ][  ][  ][  ][  ][11][11][11][11][11][11][11][11][11][11][11][11][11][11][11][11][11][11][11][11]
[51]-[  ][  ][  ][  ][  ][  ][  ][  ][  ][  ][  ][  ][  ][  ][  ][  ][  ][  ][  ][  ][  ][  ][  ][  ][  ][  ][  ][  ][  ][  ][  ][  ][  ][  ][  ][  ][  ][  ][  ][  ][  ][  ][  ][  ][  ][  ][  ][  ][  ][  ][  ][  ][  ][  ][  ][  ][  ][  ][  ][  ][  ][  ][  ][  ][  ][  ][  ][  ][  ][  ][  ][  ][  ][  ][  ][  ][  ][  ][  ][  ][11][11][11][11][11][11][11][11][11][11][11][11][11][11][11][11][11][11][11][11]
[52]-[  ][  ][  ][  ][  ][  ][  ][  ][  ][  ][  ][  ][  ][  ][  ][  ][  ][  ][  ][  ][  ][  ][  ][  ][  ][  ][  ][  ][  ][  ][  ][  ][  ][  ][  ][  ][  ][  ][  ][  ][  ][  ][  ][  ][  ][  ][  ][  ][  ][  ][  ][  ][  ][  ][  ][  ][  ][  ][  ][  ][  ][  ][  ][  ][  ][  ][  ][  ][  ][  ][  ][  ][  ][  ][  ][  ][  ][  ][  ][  ][11][11][11][11][11][11][11][11][11][11][11][11][11][11][11][11][11][11][11][11]
[53]-[  ][  ][  ][  ][  ][  ][  ][  ][  ][  ][  ][  ][  ][  ][  ][  ][  ][  ][  ][  ][  ][  ][  ][  ][  ][  ][  ][  ][  ][  ][  ][  ][  ][  ][  ][  ][  ][  ][  ][  ][  ][  ][  ][  ][  ][  ][  ][  ][  ][  ][  ][  ][  ][  ][  ][  ][  ][  ][  ][  ][  ][  ][  ][  ][  ][  ][  ][  ][  ][  ][  ][  ][  ][  ][  ][  ][  ][  ][  ][  ][  ][11][11][11][11][11][11][11][11][11][11][11][11][11][11][11][11][11][11][11]
[54]-[  ][  ][  ][  ][  ][  ][  ][  ][  ][  ][  ][  ][  ][  ][  ][  ][  ][  ][  ][  ][  ][  ][  ][  ][  ][  ][  ][  ][  ][  ][  ][  ][  ][  ][  ][  ][  ][  ][  ][  ][  ][  ][  ][  ][  ][  ][  ][  ][  ][  ][  ][  ][  ][  ][  ][  ][  ][  ][  ][  ][  ][  ][  ][  ][  ][  ][  ][  ][  ][  ][  ][  ][  ][  ][  ][  ][  ][  ][  ][  ][11][11][11][11][11][11][11][  ][11][11][11][11][11][11][11][11][11][11][11][11]
[55]-[  ][  ][  ][  ][  ][  ][  ][  ][  ][  ][  ][  ][  ][  ][  ][  ][  ][  ][  ][  ][  ][  ][  ][  ][  ][  ][  ][  ][  ][  ][  ][  ][  ][  ][  ][  ][  ][  ][  ][  ][  ][  ][  ][  ][  ][  ][  ][  ][  ][  ][  ][  ][  ][  ][  ][  ][  ][  ][  ][  ][  ][  ][  ][  ][  ][  ][  ][  ][  ][  ][  ][  ][  ][  ][  ][  ][  ][  ][  ][  ][11][11][11][11][11][11][11][  ][11][11][11][11][11][11][11][11][11][11][11][11]
[56]-[  ][  ][  ][  ][  ][  ][  ][  ][  ][  ][  ][  ][  ][  ][  ][  ][  ][  ][  ][  ][  ][  ][  ][  ][  ][  ][  ][  ][  ][  ][  ][  ][  ][  ][  ][  ][  ][  ][  ][  ][  ][  ][  ][  ][  ][  ][  ][  ][  ][  ][  ][  ][  ][  ][  ][  ][  ][  ][  ][  ][  ][  ][  ][  ][  ][  ][  ][  ][  ][  ][  ][  ][  ][  ][  ][  ][  ][  ][  ][  ][11][11][11][11][11][11][11][11][11][11][11][11][11][11][11][11][11][11][11][11]
[57]-[  ][  ][  ][  ][  ][  ][  ][  ][  ][  ][  ][  ][  ][  ][  ][  ][  ][  ][  ][  ][  ][  ][  ][  ][  ][  ][  ][  ][  ][  ][  ][  ][  ][  ][  ][  ][  ][  ][  ][  ][  ][  ][  ][  ][  ][  ][  ][  ][  ][  ][  ][  ][  ][  ][  ][  ][  ][  ][  ][  ][  ][  ][  ][  ][  ][  ][  ][  ][  ][  ][  ][  ][  ][  ][  ][  ][  ][  ][  ][  ][11][11][11][11][11][11][11][11][11][11][11][11][11][11][11][11][11][11][11][11]
[58]-[  ][  ][  ][  ][  ][  ][  ][  ][  ][  ][  ][  ][  ][  ][  ][  ][  ][  ][  ][  ][  ][  ][  ][  ][  ][  ][  ][  ][  ][  ][  ][  ][  ][  ][  ][  ][  ][  ][  ][  ][  ][  ][  ][  ][  ][  ][  ][  ][  ][  ][  ][  ][  ][  ][  ][  ][  ][  ][  ][  ][  ][  ][  ][  ][  ][  ][  ][  ][  ][  ][  ][  ][  ][  ][  ][  ][  ][  ][  ][  ][11][11][11][11][11][11][11][11][11][11][11][11][11][11][11][11][11][11][11][11]
[59]-[  ][  ][  ][  ][  ][  ][  ][  ][  ][  ][  ][  ][  ][  ][  ][  ][  ][  ][  ][  ][  ][  ][  ][  ][  ][  ][  ][  ][  ][  ][  ][  ][  ][  ][  ][  ][  ][  ][  ][  ][  ][  ][  ][  ][  ][  ][  ][  ][  ][  ][  ][  ][  ][  ][  ][  ][  ][  ][  ][  ][  ][  ][  ][  ][  ][  ][  ][  ][  ][  ][  ][  ][  ][  ][  ][  ][  ][  ][  ][  ][11][11][11][11][11][11][11][11][11][11][11][11][11][11][11][11][11][11][11][11]
[60]-[  ][  ][  ][  ][  ][  ][  ][  ][  ][  ][  ][  ][  ][  ][  ][  ][  ][  ][  ][  ][  ][  ][  ][  ][  ][  ][  ][  ][  ][  ][  ][  ][  ][  ][  ][  ][  ][  ][  ][  ][  ][  ][  ][  ][  ][  ][  ][  ][  ][  ][  ][  ][  ][  ][  ][  ][  ][  ][  ][  ][  ][  ][  ][  ][  ][  ][  ][  ][  ][  ][  ][  ][  ][  ][  ][  ][  ][  ][  ][  ][11][11][11][  ][11][11][11][11][11][11][11][  ][11][11][11][11][  ][11][11][11]
[61]-[  ][  ][  ][  ][  ][  ][  ][  ][  ][  ][  ][  ][  ][  ][  ][  ][  ][  ][  ][  ][  ][  ][  ][  ][  ][  ][  ][  ][  ][  ][  ][  ][  ][  ][  ][  ][  ][  ][  ][  ][  ][  ][  ][  ][  ][  ][  ][  ][  ][  ][  ][  ][  ][  ][  ][  ][  ][  ][  ][  ][  ][  ][  ][  ][  ][  ][  ][  ][  ][  ][  ][  ][  ][  ][  ][  ][  ][  ][  ][  ][11][11][11][11][11][11][11][11][11][11][11][11][11][11][11][11][11][11][11][11]
[62]-[  ][  ][  ][  ][  ][  ][  ][  ][  ][  ][  ][  ][  ][  ][  ][  ][  ][  ][  ][  ][  ][  ][  ][  ][  ][  ][  ][  ][  ][  ][  ][  ][  ][  ][  ][  ][  ][  ][  ][  ][  ][  ][  ][  ][  ][  ][  ][  ][  ][  ][  ][  ][  ][  ][  ][  ][  ][  ][  ][  ][  ][  ][  ][  ][  ][  ][  ][  ][  ][  ][  ][  ][  ][  ][  ][  ][  ][  ][  ][  ][11][11][11][11][11][11][11][11][11][11][11][11][11][11][11][11][11][11][11][11]
[63]-[  ][  ][  ][  ][  ][  ][  ][  ][  ][  ][  ][  ][  ][  ][  ][  ][  ][  ][  ][  ][  ][  ][  ][  ][  ][  ][  ][  ][  ][  ][  ][  ][  ][  ][  ][  ][  ][  ][  ][  ][  ][  ][  ][  ][  ][  ][  ][  ][  ][  ][  ][  ][  ][  ][  ][  ][  ][  ][  ][  ][  ][  ][  ][  ][  ][  ][  ][  ][  ][  ][  ][  ][  ][  ][  ][  ][  ][  ][  ][  ][11][11][11][11][11][11][11][11][11][11][11][11][11][11][11][11][11][11][11][11]
[64]-[  ][  ][  ][  ][  ][  ][  ][  ][  ][  ][  ][  ][  ][  ][  ][  ][  ][  ][  ][  ][  ][  ][  ][  ][  ][  ][  ][  ][  ][  ][  ][  ][  ][  ][  ][  ][  ][  ][  ][  ][  ][  ][  ][  ][  ][  ][  ][  ][  ][  ][  ][  ][  ][  ][  ][  ][  ][  ][  ][  ][  ][  ][  ][  ][  ][  ][  ][  ][  ][  ][  ][  ][  ][  ][  ][  ][  ][  ][  ][  ][11][11][11][11][11][11][11][11][11][11][11][11][11][11][11][11][11][11][11][11]
[65]-[  ][  ][  ][  ][  ][  ][  ][  ][  ][  ][  ][  ][  ][  ][  ][  ][  ][  ][  ][  ][  ][  ][  ][  ][  ][  ][  ][  ][  ][  ][  ][  ][  ][  ][  ][  ][  ][  ][  ][  ][  ][  ][  ][  ][  ][  ][  ][  ][  ][  ][  ][  ][  ][  ][  ][  ][  ][  ][  ][  ][  ][  ][  ][  ][  ][  ][  ][  ][  ][  ][  ][  ][  ][  ][  ][  ][  ][  ][  ][  ][11][11][11][11][11][11][11][11][11][11][11][11][11][11][11][11][11][11][11][11]
[66]-[  ][  ][  ][  ][  ][  ][  ][  ][  ][  ][  ][  ][  ][  ][  ][  ][  ][  ][  ][  ][  ][  ][  ][  ][  ][  ][  ][  ][  ][  ][  ][  ][  ][  ][  ][  ][  ][  ][  ][  ][  ][  ][  ][  ][  ][  ][  ][  ][  ][  ][  ][  ][  ][  ][  ][  ][  ][  ][  ][  ][  ][  ][  ][  ][  ][  ][  ][  ][  ][  ][  ][  ][  ][  ][  ][  ][  ][  ][  ][  ][11][11][11][11][11][11][  ][11][11][11][11][11][11][11][11][11][11][11][11][11]
[67]-[  ][  ][  ][  ][  ][  ][  ][  ][  ][  ][  ][  ][  ][  ][  ][  ][  ][  ][  ][  ][  ][  ][  ][  ][  ][  ][  ][  ][  ][  ][  ][  ][  ][  ][  ][  ][  ][  ][  ][  ][  ][  ][  ][  ][  ][  ][  ][  ][  ][  ][  ][  ][  ][  ][  ][  ][  ][  ][  ][  ][  ][  ][  ][  ][  ][  ][  ][  ][  ][  ][  ][  ][  ][  ][  ][  ][  ][  ][  ][  ][11][11][11][11][11][11][11][11][11][11][11][11][11][11][11][11][11][11][11][11]
[68]-[  ][  ][  ][  ][  ][  ][  ][  ][  ][  ][  ][  ][  ][  ][  ][  ][  ][  ][  ][  ][  ][  ][  ][  ][  ][  ][  ][  ][  ][  ][  ][  ][  ][  ][  ][  ][  ][  ][  ][  ][  ][  ][  ][  ][  ][  ][  ][  ][  ][  ][  ][  ][  ][  ][  ][  ][  ][  ][  ][  ][  ][  ][  ][  ][  ][  ][  ][  ][  ][  ][  ][  ][  ][  ][  ][  ][  ][  ][  ][  ][11][11][11][11][11][11][11][11][11][11][  ][11][11][11][11][11][11][11][11][11]
[69]-[  ][  ][  ][  ][  ][  ][  ][  ][  ][  ][  ][  ][  ][  ][  ][  ][  ][  ][  ][  ][  ][  ][  ][  ][  ][  ][  ][  ][  ][  ][  ][  ][  ][  ][  ][  ][  ][  ][  ][  ][  ][  ][  ][  ][  ][  ][  ][  ][  ][  ][  ][  ][  ][  ][  ][  ][  ][  ][  ][  ][  ][  ][  ][  ][  ][  ][  ][  ][  ][  ][  ][  ][  ][  ][  ][  ][  ][  ][  ][  ][11][11][11][11][  ][11][11][11][11][11][11][11][11][11][11][11][11][11][11][11]
[70]-[  ][  ][  ][  ][  ][  ][  ][  ][  ][  ][  ][  ][  ][  ][  ][  ][  ][  ][  ][  ][  ][  ][  ][  ][  ][  ][  ][  ][  ][  ][  ][  ][  ][  ][  ][  ][  ][  ][  ][  ][  ][  ][  ][  ][  ][  ][  ][  ][  ][  ][  ][  ][  ][  ][  ][  ][  ][  ][  ][  ][  ][  ][  ][  ][  ][  ][  ][  ][  ][  ][  ][  ][  ][  ][  ][  ][  ][  ][  ][  ][11][11][11][11][11][11][11][11][11][11][11][11][11][11][11][11][  ][11][11][11]
[71]-[  ][  ][  ][  ][  ][  ][  ][  ][  ][  ][  ][  ][  ][  ][  ][  ][  ][  ][  ][  ][  ][  ][  ][  ][  ][  ][  ][  ][  ][  ][  ][  ][  ][  ][  ][  ][  ][  ][  ][  ][  ][  ][  ][  ][  ][  ][  ][  ][  ][  ][  ][  ][  ][  ][  ][  ][  ][  ][  ][  ][  ][  ][  ][  ][  ][  ][  ][  ][  ][  ][  ][  ][  ][  ][  ][  ][  ][  ][  ][  ][11][11][11][11][11][11][11][11][11][11][11][11][11][11][11][11][11][11][11][11]
[72]-[  ][  ][  ][  ][  ][  ][  ][  ][  ][  ][  ][  ][  ][  ][  ][  ][  ][  ][  ][  ][  ][  ][  ][  ][  ][  ][  ][  ][  ][  ][  ][  ][  ][  ][  ][  ][  ][  ][  ][  ][  ][  ][  ][  ][  ][  ][  ][  ][  ][  ][  ][  ][  ][  ][  ][  ][  ][  ][  ][  ][  ][  ][  ][  ][  ][  ][  ][  ][  ][  ][  ][  ][  ][  ][  ][  ][  ][  ][  ][  ][11][11][11][11][11][11][11][11][11][11][11][  ][11][11][11][11][11][11][11][11]
[73]-[  ][  ][  ][  ][  ][  ][  ][  ][  ][  ][  ][  ][  ][  ][  ][  ][  ][  ][  ][  ][  ][  ][  ][  ][  ][  ][  ][  ][  ][  ][  ][  ][  ][  ][  ][  ][  ][  ][  ][  ][  ][  ][  ][  ][  ][  ][  ][  ][  ][  ][  ][  ][  ][  ][  ][  ][  ][  ][  ][  ][  ][  ][  ][  ][  ][  ][  ][  ][  ][  ][  ][  ][  ][  ][  ][  ][  ][  ][  ][  ][11][11][11][11][11][11][11][11][11][11][11][11][11][11][11][11][11][11][11][11]
[74]-[  ][  ][  ][  ][  ][  ][  ][  ][  ][  ][  ][  ][  ][  ][  ][  ][  ][  ][  ][  ][  ][  ][  ][  ][  ][  ][  ][  ][  ][  ][  ][  ][  ][  ][  ][  ][  ][  ][  ][  ][  ][  ][  ][  ][  ][  ][  ][  ][  ][  ][  ][  ][  ][  ][  ][  ][  ][  ][  ][  ][  ][  ][  ][  ][  ][  ][  ][  ][  ][  ][  ][  ][  ][  ][  ][  ][  ][  ][  ][  ][11][11][11][11][11][11][11][11][11][11][11][11][11][11][11][11][11][11][11][11]
[75]-[  ][  ][  ][  ][  ][  ][  ][  ][  ][  ][  ][  ][  ][  ][  ][  ][  ][  ][  ][  ][  ][  ][  ][  ][  ][  ][  ][  ][  ][  ][  ][  ][  ][  ][  ][  ][  ][  ][  ][  ][  ][  ][  ][  ][  ][  ][  ][  ][  ][  ][  ][  ][  ][  ][  ][  ][  ][  ][  ][  ][  ][  ][  ][  ][  ][  ][  ][  ][  ][  ][  ][  ][  ][  ][  ][  ][  ][  ][  ][  ][11][11][11][11][11][11][11][11][11][11][  ][11][11][11][11][11][11][11][11][11]
[76]-[  ][  ][  ][  ][  ][  ][  ][  ][  ][  ][  ][  ][  ][  ][  ][  ][  ][  ][  ][  ][  ][  ][  ][  ][  ][  ][  ][  ][  ][  ][  ][  ][  ][  ][  ][  ][  ][  ][  ][  ][  ][  ][  ][  ][  ][  ][  ][  ][  ][  ][  ][  ][  ][  ][  ][  ][  ][  ][  ][  ][  ][  ][  ][  ][  ][  ][  ][  ][  ][  ][  ][  ][  ][  ][  ][  ][  ][  ][  ][  ][11][  ][11][11][11][11][11][11][11][11][11][11][11][11][11][11][11][11][11][11]
[77]-[  ][  ][  ][  ][  ][  ][  ][  ][  ][  ][  ][  ][  ][  ][  ][  ][  ][  ][  ][  ][  ][  ][  ][  ][  ][  ][  ][  ][  ][  ][  ][  ][  ][  ][  ][  ][  ][  ][  ][  ][  ][  ][  ][  ][  ][  ][  ][  ][  ][  ][  ][  ][  ][  ][  ][  ][  ][  ][  ][  ][  ][  ][  ][  ][  ][  ][  ][  ][  ][  ][  ][  ][  ][  ][  ][  ][  ][  ][  ][  ][11][11][11][11][11][11][11][11][11][  ][11][11][  ][11][11][11][11][11][11][11]
[78]-[  ][  ][  ][  ][  ][  ][  ][  ][  ][  ][  ][  ][  ][  ][  ][  ][  ][  ][  ][  ][  ][  ][  ][  ][  ][  ][  ][  ][  ][  ][  ][  ][  ][  ][  ][  ][  ][  ][  ][  ][  ][  ][  ][  ][  ][  ][  ][  ][  ][  ][  ][  ][  ][  ][  ][  ][  ][  ][  ][  ][  ][  ][  ][  ][  ][  ][  ][  ][  ][  ][  ][  ][  ][  ][  ][  ][  ][  ][  ][  ][11][11][11][11][11][11][11][11][11][11][11][11][11][11][11][11][11][11][11][11]
[79]-[  ][  ][  ][  ][  ][  ][  ][  ][  ][  ][  ][  ][  ][  ][  ][  ][  ][  ][  ][  ][  ][  ][  ][  ][  ][  ][  ][  ][  ][  ][  ][  ][  ][  ][  ][  ][  ][  ][  ][  ][  ][  ][  ][  ][  ][  ][  ][  ][  ][  ][  ][  ][  ][  ][  ][  ][  ][  ][  ][  ][  ][  ][  ][  ][  ][  ][  ][  ][  ][  ][  ][  ][  ][  ][  ][  ][  ][  ][  ][  ][11][11][11][11][11][11][11][11][11][11][11][11][11][11][11][11][11][11][11][11]
[80]-[11][  ][11][11][11][  ][  ][11][  ][  ][  ][11][11][11][11][11][  ][11][11][  ][11][11][11][11][11][11][11][11][11][11][11][11][11][11][11][11][11][11][11][11][11][11][11][11][11][11][11][11][11][11][11][11][11][  ][11][11][11][11][11][11][11][11][11][11][11][11][11][11][11][11][11][11][11][11][11][11][11][11][11][11][  ][  ][  ][  ][  ][  ][  ][  ][  ][  ][  ][  ][  ][  ][  ][  ][  ][  ][  ][  ]
[81]-[11][11][11][11][11][11][11][  ][11][11][  ][11][  ][11][11][11][  ][11][  ][  ][11][11][11][11][11][11][11][11][11][11][11][11][11][11][11][11][11][11][  ][11][11][11][11][11][11][11][11][11][11][11][11][11][11][11][11][11][11][11][11][11][11][11][11][11][11][11][11][11][11][11][11][11][11][11][11][11][  ][11][11][11][  ][  ][  ][  ][  ][  ][  ][  ][  ][  ][  ][  ][  ][  ][  ][  ][  ][  ][  ][  ]
[82]-[  ][  ][11][11][11][  ][11][  ][11][  ][11][  ][  ][11][11][11][  ][11][  ][  ][11][11][11][11][11][11][11][11][11][11][11][11][11][11][11][11][  ][11][11][11][11][11][11][11][  ][11][11][11][11][11][11][11][11][11][11][11][11][11][11][11][11][11][11][11][11][11][11][11][11][11][11][11][11][11][11][11][11][11][11][11][  ][  ][  ][  ][  ][  ][  ][  ][  ][  ][  ][  ][  ][  ][  ][  ][  ][  ][  ][  ]
[83]-[  ][  ][  ][11][  ][11][11][  ][  ][  ][  ][  ][11][  ][  ][11][11][11][11][  ][11][11][11][11][11][11][11][11][11][11][11][11][11][11][11][11][11][11][11][11][11][11][11][11][11][11][11][11][11][11][11][11][11][11][11][11][11][11][11][11][  ][11][11][11][11][11][11][11][11][11][11][11][11][11][11][11][11][11][11][11][  ][  ][  ][  ][  ][  ][  ][  ][  ][  ][  ][  ][  ][  ][  ][  ][  ][  ][  ][  ]
[84]-[  ][  ][  ][11][11][  ][11][  ][11][11][11][  ][11][11][  ][11][  ][11][11][11][11][11][11][11][11][11][11][11][11][11][11][11][11][11][11][11][11][11][11][11][11][11][11][11][11][11][11][11][11][11][11][11][11][11][11][11][11][11][11][11][11][11][11][11][11][11][11][11][11][  ][11][11][11][11][11][11][11][11][11][11][  ][  ][  ][  ][  ][  ][  ][  ][  ][  ][  ][  ][  ][  ][  ][  ][  ][  ][  ][  ]
[85]-[11][  ][11][  ][11][11][  ][  ][11][11][  ][11][  ][11][11][11][11][  ][  ][  ][11][11][11][11][11][11][  ][11][11][11][11][11][11][11][11][11][11][11][11][11][11][11][11][11][11][11][11][11][11][11][11][11][11][11][11][11][11][11][11][11][11][11][11][11][11][11][11][11][11][11][11][11][11][11][11][11][11][11][11][11][  ][  ][  ][  ][  ][  ][  ][  ][  ][  ][  ][  ][  ][  ][  ][  ][  ][  ][  ][  ]
[86]-[11][  ][  ][  ][  ][11][11][  ][11][11][  ][  ][  ][  ][11][  ][  ][11][11][11][11][11][11][11][11][11][11][11][11][11][11][11][11][11][11][11][11][11][11][11][11][11][11][11][11][11][11][11][11][11][11][11][11][11][11][11][11][11][11][11][11][11][11][11][11][11][  ][11][11][11][11][11][11][11][11][11][11][11][11][11][  ][  ][  ][  ][  ][  ][  ][  ][  ][  ][  ][  ][  ][  ][  ][  ][  ][  ][  ][  ]
[87]-[  ][11][11][11][11][11][11][11][  ][  ][11][  ][11][11][11][  ][11][11][  ][11][  ][11][11][11][11][11][11][11][11][11][11][11][11][11][11][11][11][11][11][11][11][11][11][11][11][11][11][11][11][11][11][11][11][11][  ][  ][11][11][11][11][11][11][11][11][11][11][11][11][11][11][11][11][11][11][11][11][11][11][11][11][  ][  ][  ][  ][  ][  ][  ][  ][  ][  ][  ][  ][  ][  ][  ][  ][  ][  ][  ][  ]
[88]-[11][  ][  ][11][  ][  ][  ][11][11][11][11][  ][11][11][11][11][11][11][  ][11][11][11][11][11][11][11][11][11][11][11][11][11][11][11][11][11][  ][11][11][11][11][11][  ][11][11][11][11][11][11][11][11][11][11][11][11][11][11][11][11][11][11][11][11][11][11][11][11][11][11][11][11][11][11][11][11][11][11][11][11][11][  ][  ][  ][  ][  ][  ][  ][  ][  ][  ][  ][  ][  ][  ][  ][  ][  ][  ][  ][  ]
[89]-[11][  ][11][11][  ][  ][  ][11][  ][11][11][11][11][  ][  ][11][  ][11][  ][  ][11][11][11][11][11][11][11][11][11][11][11][11][11][11][11][11][11][11][11][11][11][11][11][11][11][11][11][11][11][11][11][11][11][11][11][11][11][11][11][11][11][11][11][11][11][11][11][11][11][11][11][11][11][11][11][11][11][  ][11][11][  ][  ][  ][  ][  ][  ][  ][  ][  ][  ][  ][  ][  ][  ][  ][  ][  ][  ][  ][  ]
[90]-[11][11][  ][11][  ][11][11][  ][  ][  ][11][11][  ][  ][  ][11][11][  ][  ][  ][11][11][11][11][11][11][11][11][11][11][11][11][11][11][11][11][11][11][11][11][11][11][11][11][11][11][11][11][11][11][11][11][11][11][11][11][11][11][11][11][11][11][11][11][11][11][11][11][  ][11][11][11][11][11][11][  ][11][11][11][11][  ][  ][  ][  ][  ][  ][  ][  ][  ][  ][  ][  ][  ][  ][  ][  ][  ][  ][  ][  ]
[91]-[  ][  ][11][11][11][  ][11][11][11][  ][  ][11][11][  ][11][11][  ][  ][11][  ][11][  ][11][11][11][11][  ][11][11][11][11][11][11][11][11][11][11][11][11][11][11][11][11][11][11][11][11][11][11][11][11][11][11][11][11][11][11][11][11][11][  ][11][11][11][11][11][11][11][11][11][11][11][  ][11][11][11][11][11][11][11][  ][  ][  ][  ][  ][  ][  ][  ][  ][  ][  ][  ][  ][  ][  ][  ][  ][  ][  ][  ]
[92]-[  ][11][11][  ][  ][11][11][  ][  ][  ][11][  ][11][11][  ][  ][11][  ][11][  ][11][11][11][11][11][11][11][11][11][11][11][11][11][  ][11][11][11][11][11][  ][11][  ][11][11][11][11][11][11][11][11][11][11][11][11][11][11][11][11][11][11][11][11][11][11][11][11][11][11][11][11][11][11][11][11][11][11][11][  ][11][11][  ][  ][  ][  ][  ][  ][  ][  ][  ][  ][  ][  ][  ][  ][  ][  ][  ][  ][  ][  ]
[93]-[  ][  ][  ][11][  ][  ][11][  ][  ][11][11][11][  ][11][11][  ][  ][  ][11][11][11][11][11][11][11][  ][11][11][11][11][11][11][  ][11][11][11][11][11][11][11][11][11][11][11][11][11][11][11][11][11][11][11][11][11][11][11][11][11][11][11][11][11][11][11][11][11][11][11][11][11][11][11][11][11][11][11][11][11][11][11][  ][  ][  ][  ][  ][  ][  ][  ][  ][  ][  ][  ][  ][  ][  ][  ][  ][  ][  ][  ]
[94]-[  ][  ][  ][11][11][  ][  ][  ][  ][11][11][  ][11][  ][11][  ][11][  ][  ][11][11][11][11][11][11][11][11][11][11][11][11][  ][11][11][11][11][11][11][11][11][11][11][11][11][11][11][11][11][11][11][11][11][11][11][11][11][11][11][11][11][11][11][11][11][11][11][11][11][11][11][11][11][11][11][11][11][11][11][11][11][  ][  ][  ][  ][  ][  ][  ][  ][  ][  ][  ][  ][  ][  ][  ][  ][  ][  ][  ][  ]
[95]-[  ][  ][  ][  ][  ][  ][11][11][  ][  ][  ][  ][11][11][11][  ][11][11][11][  ][11][11][11][11][11][11][11][11][11][11][11][11][11][11][11][  ][11][11][11][11][11][11][11][11][11][11][11][11][11][11][11][11][11][11][11][11][11][11][11][11][11][11][11][11][11][11][11][11][11][11][11][11][11][11][11][11][11][11][11][11][  ][  ][  ][  ][  ][  ][  ][  ][  ][  ][  ][  ][  ][  ][  ][  ][  ][  ][  ][  ]
[96]-[11][11][11][  ][11][  ][11][  ][  ][11][  ][11][  ][11][  ][  ][11][  ][  ][11][11][11][11][11][11][11][11][11][11][11][11][11][11][11][11][11][11][11][11][11][11][11][11][  ][11][11][11][11][11][11][11][11][11][11][11][11][11][11][11][11][  ][11][11][11][11][11][11][11][11][11][  ][11][11][11][11][11][11][11][11][11][  ][  ][  ][  ][  ][  ][  ][  ][  ][  ][  ][  ][  ][  ][  ][  ][  ][  ][  ][  ]
[97]-[  ][  ][  ][  ][  ][11][  ][  ][  ][  ][11][11][11][11][11][  ][11][11][  ][  ][11][11][11][11][11][11][11][11][11][11][11][11][11][11][11][11][11][11][11][11][11][11][  ][11][11][11][11][11][11][11][11][11][11][11][11][11][11][11][11][11][11][11][11][11][11][11][11][11][11][11][11][11][11][11][11][11][11][11][11][11][  ][  ][  ][  ][  ][  ][  ][  ][  ][  ][  ][  ][  ][  ][  ][  ][  ][  ][  ][  ]
[98]-[  ][11][11][  ][  ][11][  ][11][11][11][11][  ][  ][  ][11][  ][11][11][11][  ][11][11][11][11][11][11][11][11][11][11][11][11][11][11][11][11][11][11][11][11][11][11][11][11][11][11][11][11][11][11][11][11][11][11][11][11][11][11][11][11][11][11][11][11][11][11][11][11][11][11][11][11][11][11][11][11][11][11][11][11][  ][  ][  ][  ][  ][  ][  ][  ][  ][  ][  ][  ][  ][  ][  ][  ][  ][  ][  ][  ]
[99]-[11][11][11][11][  ][11][  ][  ][  ][11][11][11][11][  ][  ][11][  ][11][11][11][  ][11][11][11][11][11][11][11][11][11][11][11][11][11][11][11][11][11][11][11][11][11][11][11][11][11][11][11][11][11][11][11][11][11][11][11][11][11][11][11][11][11][11][11][11][11][11][11][11][11][11][11][11][11][11][11][11][11][11][11][  ][  ][  ][  ][  ][  ][  ][  ][  ][  ][  ][  ][  ][  ][  ][  ][  ][  ][  ][  ]
